60.4311 52.6541 261.446
31.3425 -6.71865 256.02
33.2347 -19.5441 219.337
29.6335 -17.2323 176.428
28.2296 -31.37 132.786
27.9244 -24.8466 75.7775
2.53304 -28.1274 35.8592
0 4.88059e-313 -25
0 4.88059e-313 -26
-101.237 52.1485 219.241
-101.596 -6.12354 168.188
-112.339 -10.6326 117.588
-134.007 -15.3554 63.7532
-139.866 -24.2744 32.9905
-166.601 -20.1773 -16.7547
-183.264 -17.6595 -82.0643
-209.021 -14.6764 -127.659
-210.364 -23.9921 -169.042
-212.806 -18.041 -200.842
-221.778 -21.6269 -252.602
-237.648 -23.1758 -309.854
-273.843 -30.8054 -307.84
-275.73 34.0925 -314.632
-102.512 -20.8106 84.2006
-81.2708 -18.7582 41.5357
-77.6086 -15.92 3.38755
-55.0249 -10.3046 -32.0139
-40 45 -42
-28.1686 -12.6011 -7.23289
0 4.88059e-313 -65
0 4.88059e-313 -40
0 4.88059e-313 -29
-255.377 44.3283 138.243
-263.955 -10.7852 120.518
-280.923 -13.9363 60.7013
-272.134 -16.4006 -8.08741
-262.777 30.5283 -35
-289.637 37.8691 358.579
-237.831 -6.21509 353.618
-191.931 -1.82806 360.027
-126.438 -8.82443 350.139
-128.513 -16.0497 317.911
-112.949 -17.3544 262.307
-103.122 -24.8238 227.332
-85.7875 -35.2458 160.68
-90.7926 -32.9875 119.785
-81.576 -44.8057 61.4338
-85.7265 -44.8057 3.6317
-70.7724 -35.5892 -54.5976
-38.8501 -30.4392 -52.0951
-24.3233 -36.3598 -101.596
-16.0833 -27.7688 -146.58
-15.5339 -27.0974 -197.851
17.7313 -30.2561 -217.444
21.3935 -38.6486 -246.071
54.3535 -43.9589 -250.893
99.5819 -38.9996 -253.212
156.59 -31.988 -273.843
161.779 -31.8659 -307.657
207.801 -13.7303 -328.654
225.946 37.5715 -324.888
-7.72118 -32.8425 -259.011
28.2907 -16.9271 -266.701
63.2038 -6.62709 -268.288
88.5952 -14.066 -321.512
95.9676 37.9612 -337.74
-279.641 -38.0535 356.365
-288.186 -52.0005 314.982
-277.505 -60.9195 274.026
-266.274 -55.3728 234.413
-266.335 -66.6646 191.076
-253.09 -68.0761 161.412
-251.503 -75.5455 131.565
-250.649 -62.9795 82.4915
-239.235 -58.211 40.6201
-242.286 -50.7797 -12.36
-235.511 -52.0081 -80.8435
-233.68 -47.911 -145.848
-212.622 -48.9181 -197.119
-177.587 -43.8063 -197.79
-168.615 -38.8012 -261.208
-179.418 -33.9946 -308.878
-166.112 -20.452 -349.712
-114.902 -18.6132 -358.318
-110.653 35.7709 -373.92
-289.407 -21.8253 296.243
-290.139 -32.5373 244.118
-290.567 -35.8638 193.518
-284.097 -38.6563 125.767
-300.76 -44.2564 73.8243
-291.177 -24.3812 17.304
-287.027 -17.1407 -37.9345
-278.848 -19.01 -106.845
-284.158 -25.0526 -172.521
-290.872 -22.6951 -212.256
-278.665 -28.8293 -248.268
-69.1244 -15.2715 251.259
-35.0658 -9.74761 247.963
-30.9763 -19.8798 198.523
7.59911 -20.8411 197.974
76.1437 -38.1146 185.827
129.002 -37.878 193.945
141.453 -39.0378 154.027
146.825 -39.6176 85.9706
149.876 -27.3415 41.2915
209.876 -31.1258 36.3475
219.825 -43.1959 -11.7496
214.148 -40.9452 -47.3342
246.803 -39.5947 -52.4003
249.367 -28.7225 -88.5952
246.01 -27.8527 -123.63
308.573 -19.7119 -120.457
344.829 -23.0155 -119.907
374.432 -18.9108 -123.386
373.455 -23.5191 -153.111
412.702 -16.9424 -158.3
412.336 -6.61946 -213.05
448.286 -6.8865 -234.474
447.615 -9.24406 -266.518
474.288 -9.41954 -322.672
471.541 -18.3081 -388.531
474.96 -4.97909 -451.827
472.035 46.3118 -456.167
-86.1126 37.8371 382.429
-71.9321 -0.340281 368.633
-62.0441 -15.4164 329.142
-56.4287 -27.9748 276.955
-49.6536 -38.3282 221.839
-48.677 -38.1985 166.051
-35.8592 -21.543 107.15
-24.5064 -7.55791 55.7573
-446.468 30.5388 383.381
-425.764 -10.1215 328.837
-424.299 -10.0757 291.055
-413.434 -14.8442 262.49
-367.168 -3.8728 259.56
-368.694 -16.2175 218.238
-356.487 -11.8152 174.23
-341.96 -22.5501 122.471
-313.456 -23.1605 112.583
-315.958 -18.5293 79.2566
-143.651 -19.6966 -154.698
-131.565 -27.6696 -210.181
-91.8912 -31.843 -210.425
-47.7615 -34.0251 -224.525
-130.528 -23.809 -267.617
-76.632 -20.7801 -276.467
-60.213 -23.7327 -318.583
-6.07318 -28.3944 -335.734
45.1979 -18.9108 -331.278
-231.178 -15.3935 -341.227
-392.682 -19.8569 291.421
-359.966 -33.5368 293.68
-364.971 -33.7809 243.507
-333.354 -41.5632 235.267
-321.818 -32.3542 198.828
-233.314 -22.7943 172.826
-201.209 -23.9616 163.793
-183.691 -23.5038 99.2767
-148.9 -27.1813 100.253
11.9938 -17.9876 -1.86163
17.6092 -16.2023 -59.7858
71.9321 -11.182 -55.3301
126.133 -13.9286 -84.994
131.321 -14.2109 -124.241
173.803 -9.35087 -122.471
207.373 -13.8447 -121.738
328.728 48.0858 414.128
341.472 -28.3105 417.158
347.819 -46.6674 366.008
345.5 -44.9126 326.579
353.618 -65.8635 264.992
359.416 -68.8467 221.961
353.557 -69.9454 184.912
344.096 -67.4047 142.186
345.073 -65.0319 111.24
346.049 -49.7345 69.1855
346.538 -59.92 24.3233
353.862 -37.6568 -32.8074
361.614 -47.4151 -85.2992
361.614 -49.0402 -115.635
352.153 -50.1236 -180.029
352.824 -49.0249 -217.261
355.144 -40.8078 -256.569
406.415 -51.7106 -273.476
403.851 -44.9812 -303.018
408.612 -38.5189 -338.603
408.979 -26.4489 -391.705
409.162 -19.834 -450.117
293.435 -28.9743 411.725
266.945 -25.4112 393.17
265.114 -23.1681 357.707
272.744 -18.2852 328.227
261.94 -19.5975 285.318
228.248 -21.5354 287.82
218.97 -35.6349 230.689
205.786 -33.346 203.528
158.361 -40.4111 204.566
65.5232 -45.1262 125.95
19.8065 -42.1735 103.854
175.024 -32.9264 235.45
113.437 -20.9174 236.793
108.127 -16.3854 207.495
96.0417 -15.6148 179.052
93.3561 -23.4733 121.799
59.2975 -14.3635 112.339
44.1603 -3.52184 61.1896
13.6418 -4.89517 55.0859
-182.653 -1.98065 64.8518
-235.572 -0.187689 92.5016
-132.664 -29.3939 136.692
-131.077 -35.2 181.494
-168.676 -27.4178 192.236
-177.648 -14.3559 248.329
-220.008 -19.1931 255.165
-268.166 -24.0837 269.204
-270.18 -10.0604 322.184
-313.883 -19.9408 348.247
-377.117 -15.7445 353.252
-417.402 -25.5181 369.976
-17.9754 -16.0039 -69.4296
13.3366 -27.5552 -93.234
15.1677 -24.0455 -144.261
60.213 -27.4712 -175.207
54.7807 -20.5664 -216.224
-60.8844 -9.70183 -70.7114
-63.7532 -10.4724 -114.17
-54.4755 -18.247 -172.643
-83.5292 -24.0684 -181.433
-101.047 -19.5135 -254.799
-113.62 -30.6833 -302.591
-101.657 -18.7048 -109.409
-161.534 -11.8915 -104.465
22.309 -5.39109 -30.9153
65.5232 -1.18717 -24.2622
99.8656 1.7859 -17
-253.151 -27.6009 -38.6059
-237.831 -21.1539 2.89926
-194.739 -14.1728 3.20444
-184.057 -10.4038 131.626
-137.059 -8.4048 157.872
-131.565 -0.645466 194.739
-316.63 -7.08487 -20.7221
-326.64 -3.0488 44.6486
-388.287 -2.87332 60.9455
-404.767 -4.12458 131.199
-397.687 -11.2125 194.372
-260.781 -10.7547 -71.0166
-253.151 -18.5446 -140.721
-245.888 -26.5938 -180.944
-242.042 -14.5695 -215.308
-256.508 -13.6464 -269.204
-189.123 -14.3712 -287.332
-157.506 -18.0258 -291.787
-194.128 -29.8441 -33.723
-146.886 -17.2933 -42.6344
-118.625 -5.99384 -36.4696
-127.11 -15.1036 -66.9881
311.746 -129.463 -35
263.833 -112.435 -24.6284
220.801 -103.34 -23.6518
208.533 -84.2662 37.019
195.044 -81.3822 67.3544
146.825 -85.2886 72.8477
108.737 -34.582 152.745
87.8018 -13.6387 260.414
112.522 -86.6619 66.6219
106.113 -78.8415 125.706
36.2255 -74.3629 131.565
-1.61748 -23.0918 125.889
-49.5315 -10.6632 138.89
-81.2708 -1.12613 140.843
300.76 -137.178 -10.2847
240.211 -128.678 -1.61748
193.64 -114.411 11.6276
136.692 -108.971 11.8107
70.7724 -103.974 8.39259
30.7932 -106.468 14.1911
-7.96533 -105.736 16.9988
-10.773 -89.462 51.1185
-66.3167 -80.1386 60.0909
-100.314 -85.96 70.3452
-162.267 -80.2225 82.6746
-163.61 -49.4522 85.6655
-226.539 -45.7137 89.938
-5.03555 -16.9042 231.605
-4.36415 -22.7714 264.565
-20.539 -19.4754 316.813
-42.7564 -102.539 42.5123
-95.0652 -106.995 48.616
-95.0652 -110.077 89.1446
-96.3469 -116.7 131.016
-137.669 -125.756 138.096
-150.365 -127.839 189.001
-153.905 -123.734 241.798
-161.229 -120.53 271.218
-168.737 -117.859 309.915
-186.254 -104.66 370.281
-242.958 -107.102 381.573
-275.918 -103.6 375.53
-337.992 -83.0302 391.4
-367.84 -79.1543 396.222
-431.074 -66.039 398.724
-443.525 -18.6285 402.02
313.944 -125.298 30.6101
319.62 -125.604 98.056
332.682 -94.406 107.456
351.238 -32.8654 276.284
354.534 -15.8666 314.859
352.824 -11.037 350.139
336.589 -15.0884 382.366
301.309 -129.617 -99.826
296.731 -118.348 -144.627
294.534 -112.267 -191.198
283.303 -111.939 -225.623
252.968 -114.678 -220.008
252.052 -104.332 -260.903
249.123 -34.2235 -267.556
238.319 -18.8803 -323.222
265.053 -129.029 -98.7274
254.799 -127.931 -150.121
199.744 -109.307 -152.074
200.72 -93.7117 -201.147
166.662 -89.4238 -212.867
135.105 -80.3369 -211.646
130.772 -43.4858 -214.087
130.406 -32.6518 -250.954
126.682 -4.47554 -316.141
40.0708 -38.8852 -292.398
6.62252 -31.7515 -298.563
-2.04474 -24.9687 -366.07
-46.7849 -27.7306 -361.37
259.133 -91.7737 -98.4222
209.449 -97.8545 -103.366
182.775 -84.2051 -152.501
179.662 -75.576 -189.184
143.223 -78.6203 -182.592
104.77 -82.5648 -188.147
53.56 -82.0917 -186.56
18.5858 -87.9971 -196.753
-22.309 -88.8745 -213.05
-27.4972 -87.5469 -250.038
-36.8358 -85.3725 -289.529
-80.9046 -75.7744 -287.271
-117.344 -70.2811 -280.068
-186.438 -57.0437 -289.834
-217.017 -50.5127 -298.441
315.226 -134.98 -73.2139
319.803 -128.571 -126.011
320.231 -94.9705 -136.631
367.412 -89.256 -147.801
369.793 -82.4198 -183.935
383.343 -69.3426 -225.501
193.091 -101.898 -35.432
187.78 -65.6423 -40.437
182.165 -30.2255 -37.6904
137.181 -39.3735 -34.5164
66.9271 -40.9833 -37.2021
-1.25126 -33.5902 -41.1695
-124.363 -46.2935 -45.5641
301.737 -63.8569 -36.3475
366.008 -67.542 -42.6954
432.6 -50.9476 -42.6344
430.158 -52.2752 -5.82904
434.37 -1.11087 -5.82904
412.401 57.8162 -14
158.788 -57.0971 -46.3576
116.245 -46.2325 -57.0391
51.4237 -35.612 -66.4998
102.39 -31.1716 -26.2154
37.6904 -44.1115 -20.4779
97.5066 -59.3554 -13.5807
131.077 -60.332 -3.6317
190.832 -43.3714 1.06815
249.001 -42.8526 4.97452
280.374 -46.3469 8.27052
311.747 -46.1333 1.37333
376.812 -31.3166 -3.57067
398.846 -15.7292 16.6936
361.736 -19.5059 21.5766
318.216 -22.8553 21.0883
315.653 -18.0486 88.9004
255.043 -25.2205 101.718
216.59 -17.3925 113.071
150.121 -21.2149 129.978
385.846 -16.4769 47.2732
382.855 -25.4265 84.872
365.215 -26.5938 142.369
350.688 -28.9285 184.24
355.571 -19.5822 212.439
420.576 -22.5272 -33.4788
390.851 -33.7886 -33.784
352.214 -22.1152 -310.526
300.333 -29.0048 -323.71
449.629 -14.8518 -90.0601
445.173 -0.141911 -129.49
452.559 -13.6006 -193.701
285.684 -17.9876 -1.92267
247.047 -11.8076 6.25629
203.284 -5.16984 -1.43437
133.335 -7.52739 2.16681
51.7289 -5.76495 -84.1395
95.7976 -10.0681 -110.63
223.609 -14.0278 -170.202
218.787 -26.0979 -232.582
227.515 -14.2949 -275.185
65.8284 -0.332652 -152.623
99.826 -28.074 43.1837
114.109 -41.4716 108.921
166.784 -18.865 0.640889
182.165 -15.9276 32.8684
196.814 -21.0318 87.6186
194.739 -28.0816 156.59
24.3843 -9.00754 101.169
32.3191 -30.0729 -186.926
-102.666 -42.0938 -307.872
-205.39 57.1795 -105.393
161.162 -65.6476 15.61
246.789 -84.2621 -130.899
153.766 -120.64 -323.171
159.581 -72.4326 -322.977
415.85 -63.3624 188.718
-314.301 -25.1218 -231.299
465.399 -56.3582 -173.143
102.39 -59.6669 -152.061
22.3867 28.0973 384.375
12.1158 -7.77154 323.283
