-191.418 38.9 246.751
-207.862 -1.04984 210.913
-201.209 -23.9616 163.793
-184.057 -10.4038 131.626
-182.653 -1.98065 64.8518
-166.601 -4.78835 21.8818
-146.886 -17.2933 -42.6344
-132.481 -3.06406 -104.221
-101.864 -15 -146.959
-183.691 -23.5038 99.2767
-187.963 -47.8271 32.6243
-184.79 -77.3919 -14.3742
-192.846 -75.4921 -57.4664
-191.321 -104.065 -115.757
-201.025 -110.802 -174.596
-226.234 -104.317 -224.83
-235.878 -99.0066 -273.843
-236.854 -116.364 -311.869
-238.081 -120 -355.443
-144.444 -7.3748 251.076
-103.122 -24.8238 227.332
-69.8569 -32.2169 191.443
-10.7852 -29.0292 177.844
-112.949 -17.3544 262.307
-69.1244 -15.2715 251.259
-5.03555 -16.9042 231.605
33.2347 -19.5441 219.337
92.1354 -46.1028 215.308
129.002 -37.878 193.945
178.368 -59.5782 175.048
-49.6536 -38.3282 221.839
2.41096 -62.3463 194.433
55.0859 -91.2473 191.382
120.701 -118.493 181.127
145.97 -151.299 176.049
-18.7689 -59.5157 171.667
36.2255 -74.3629 131.565
65.6453 -64.2994 93.6613
110.996 -65.978 42.5123
164.525 -71.9016 19.1107
69.1855 -95.8556 112.949
90.5484 -107.834 77.5475
125.95 -108.408 44.1359
188.989 -106.961 26.8624
-84.7499 -51.9776 221.9
-56.4165 -72.1397 181.835
-37.6293 -96.8856 174.291
-9.5645 -130.064 163.964
-131.565 -0.645466 194.739
-113.889 -12.8117 153.551
-66.0115 -22.0466 101.901
-46.2355 -29.4855 73.0308
2.53304 -28.1274 35.8592
37.6904 -44.1115 -20.4779
66.9271 -40.9833 -37.2021
94.9431 -39.9075 -79.1345
131.321 -14.2109 -124.241
160.619 -25.3502 -167.211
176.379 -2.4659 -189.416
-48.677 -38.1985 166.051
-1.61748 -23.0918 125.889
19.8065 -42.1735 103.854
40.2539 -51.7106 65.8895
66.0115 -72.6234 19.1961
106.967 -87.5317 -8.5757
142.186 -88.8211 -24.6895
177.465 -90.0342 -72.6646
195.972 -98.056 -91.9034
32.6243 -81.6263 172.887
72.6035 -102.524 154.332
105.869 -119.851 120.945
151.207 -132.139 97.4578
-190.344 -28.0511 218.482
-168.676 -27.4178 192.236
-139.805 -61.4154 141.087
-121.433 -85.0826 100.558
-100.314 -85.96 70.3452
-62.569 -97.8057 41.8775
-185.705 -69.7851 187.658
-161.779 -98.3428 152.379
-140.782 -150.713 119.456
184.375 -112.992 -49.1775
10.4678 -63.918 154.271
41.2305 -92.9487 101.901
60.152 -106.178 71.3828
105.026 -139.531 50.264
143.834 -105.309 -64.4246
166.735 -101.608 -110.056
-132.664 -29.3939 136.692
-102.512 -20.8106 84.2006
-58.0157 -40.9146 35.5541
-34.3944 -50.8637 -2.472
0.579852 -66.1763 -33.1736
29.2673 -80.5277 -78.5241
59.1144 -114.541 -121.677
95.4802 -140.519 -157.042
-155.919 -40.1517 53.0107
-139.866 -24.2744 32.9905
-97.5799 -7.82495 -13.8127
-156.346 -76.7357 201.453
-113.01 -121.287 176.989
-95.7976 -176.691 154.027
-98.2391 -199.945 144.603
-178.869 -69.6783 120.701
-162.267 -80.2225 82.6746
-127.476 -93.7468 49.2019
-121.006 -49.6353 24.5064
-95.2483 -65.1463 -33.9061
-47.9446 -95.6572 -70.101
-18.5247 -89.6817 -93.9909
-184.362 -39.9152 66.0115
-167.028 -37.199 13.0314
-124.363 -46.2935 -45.5641
-110.08 -58.4628 -75.5333
-96.53 -46.4766 -120.945
-90.9024 -40.5774 -157.518
-171.972 -50.6348 146.031
-134.8 -56.5249 92.3185
-111.911 -82.0917 31.8918
-69.7348 -96.2828 -8.08741
-39.5215 -97.0916 -31.5867
-30.9275 -114.328 -65.5721
118.857 -102.805 131.993
-161.449 -28.7423 -91.11
-150.365 -127.839 189.001
-148.656 -164.934 162.548
-95.0652 -106.995 48.616
-73.2139 -133.943 10.4678
-42.9395 -154.131 -34.3944
-22.9682 -177.892 -46.5041
-103.549 -58.9206 99.4598
-66.3167 -80.1386 60.0909
-39.5825 -97.7783 5.768
8.69778 -106.545 -39.8877
59.1754 -113.785 -70.2841
100.803 -146.837 -99.8871
139.683 -151.59 -129.917
164.782 -150.731 -160.387
-1.61748 -114.113 136.937
24.1401 -123.574 105.564
53.9628 -147.899 55.5132
-123.081 -117.196 103.916
-71.9321 -148.408 69.4296
-49.9954 -171.111 51.1429
-85.7875 -35.2458 160.68
-68.4286 -34.3028 149.974
-46.6628 -85.3725 203.955
-9.18607 -102.997 199.561
30.6711 -115.296 176.977
70.3574 -154.991 161.071
65.5232 -45.1262 125.95
114.109 -41.4716 108.921
140.464 -61.5925 87.6919
-42.7564 -102.539 42.5123
-7.96533 -105.736 16.9988
22.0649 -124.345 -14.7404
26.0323 -140.405 -43.1227
64.6321 -151.482 -65.9383
35.3645 46.0193 310.083
31.3425 -6.71865 256.02
-30.9763 -19.8798 198.523
-49.5315 -10.6632 138.89
-81.2708 -18.7582 41.5357
-90.3043 -24.1905 -29.6945
-94.882 -22.1534 -73.5801
-101.657 -18.7048 -109.409
-90.7926 -32.9875 119.785
-118.503 -42.2269 59.1754
-149.327 -67.0003 -17.365
-164.647 -78.4906 -86.0317
-179.296 -93.9558 -142.735
7.59911 -20.8411 197.974
51.1185 -1.95776 293.863
87.8018 -13.6387 260.414
113.437 -20.9174 236.793
158.361 -40.4111 204.566
74.8009 -28.0358 295.083
104.526 -64.864 276.833
133.152 -80.726 249.428
145.238 -126.618 206.336
61.4338 -9.78576 199.072
75.9606 -15.3859 151.158
139.073 -58.6154 61.2506
146.825 -85.2886 72.8477
25.0557 -60.9806 227.577
93.3561 -23.4733 121.799
121.616 -28.7912 64.4856
133.335 -7.52739 2.16681
160.375 -20.5969 -61.4948
173.803 -9.35087 -122.471
49.2874 -46.7589 163.549
89.9991 -66.8935 70.4672
126.621 -81.0999 19.1351
52.0341 -29.5389 240.883
66.6829 -70.2353 216.224
89.5108 -77.1401 170.141
-40.376 -65.3218 113.926
-68.6972 -94.4746 139.988
-96.3469 -116.7 131.016
178.503 -88.3709 18.5858
48.0667 -52.0768 198.401
84.7499 -132.455 100.07
29.6335 -17.2323 176.428
28.2296 -31.37 132.786
81.0266 -105.248 -41.3526
87.5576 -113.327 -84.872
78.7683 -132.44 -138.646
-28.5348 -61.2629 216.163
-68.0868 -130.754 177.343
-94.6379 -77.7886 206.153
12.7873 -68.3737 74.7398
9.79644 -75.9804 29.0841
-13.1535 -71.5171 -59.5416
-9.18607 -39.6786 70.7724
-24.8115 -27.9214 21.0883
-28.1686 -12.6011 -7.23289
-38.8501 -30.4392 -52.0951
-53.7431 -36.7183 -91.1588
-61.6779 -38.5952 -127.964
-21.5766 -124.314 -26.9478
-120.823 -25.2358 1.55644
-16.9134 -141.813 -17.7435
160.741 -120.225 -117.893
-33.2957 -99.9451 124.79
-38.728 -131.867 108.554
69.1244 -137.17 43.672
73.4581 -140.336 -18.2806
113.912 45.784 -39.8546
71.9321 -11.182 -55.3301
17.6092 -16.2023 -59.7858
-17.9754 -16.0039 -69.4296
-63.7532 -10.4724 -114.17
13.3366 -27.5552 -93.234
-17.365 -57.6006 -136.998
-54.7197 -60.7669 -195.227
-102.878 -73.6305 -231.605
-151.341 -91.7432 -257.057
-195.105 -110.421 -300.882
65.5232 -1.18717 -24.2622
46.2966 -24.1523 3.69274
13.6418 -4.89517 55.0859
0.824 -12.9368 82.6746
127.891 -29.9631 28.1808
153.844 -71.9138 125.523
133.152 -91.1786 104.831
151.463 -122.613 159.398
143.712 -1.64495 -43.8551
161.596 -52.9466 -14.6794
5.21867 -67.7175 113.437
126.133 -13.9286 -84.994
188.208 -50.032 -75.6554
-14.4963 -74.218 -2.9603
-10.773 -89.462 51.1185
-55.5132 -104.355 77.7917
-95.0652 -110.077 89.1446
158.788 -57.0971 -46.3576
102.39 -31.1716 -26.2154
97.5066 -59.3554 -13.5807
100.375 -102.654 38.4838
145.238 -68.9688 -109.165
128.758 -43.3714 -105.625
115.757 -70.5557 -123.63
98.5443 -94.4975 -147.313
22.309 -5.39109 -30.9153
-8.94192 -2.38502 -43.4889
-55.0249 -10.3046 -32.0139
-11.6886 -120.019 75.5943
-73.7632 -153.207 136.021
11.9938 -17.9876 -1.86163
-78.7072 -73.5084 20.6
51.4237 -35.612 -66.4998
16.2664 -61.8198 -58.4429
-24.3233 -36.3598 -101.596
-60.8844 -9.70183 -70.7114
-127.11 -15.1036 -66.9881
-73.397 -121.041 111.362
-111.728 -152.338 118.809
55.3911 -80.0317 -46.1135
156.896 -106.812 -155.614
70.7724 -103.974 8.39259
17.7923 -69.2129 0.396741
-19.5013 -140.558 24.3843
-35.8592 -21.543 107.15
78.0358 -134.957 134.373
102.145 -80.9091 -47.9446
-113.556 46.9681 -253.197
-91.1588 -4.52895 -224.036
-83.5292 -24.0684 -181.433
-130.528 -23.809 -267.617
-186.438 -57.0437 -289.834
-211.768 -93.8261 -320.597
-54.4755 -18.247 -172.643
-16.0833 -27.7688 -146.58
113.681 -36.314 6.01215
-65.3401 -9.12198 -200.171
-45.0148 -48.0178 -153.6
-38.2397 -65.1158 -113.559
46.4797 -87.9131 46.968
115.94 -134.439 148.412
-52.2782 -2.2248 -226.905
-15.5339 -27.0974 -197.851
15.1677 -24.0455 -144.261
72.4815 -26.8761 -100.803
137.181 -39.3735 -34.5164
14.9236 -43.9436 -120.579
62.1052 -80.6421 -84.2616
-49.8978 -62.186 -63.3869
-29.9387 -66.0695 54.8418
-12.9093 -87.814 92.6237
-3.50963 -9.88495 -238.258
54.7807 -20.5664 -216.224
108.921 -5.13169 -204.993
33.9061 -15.2898 -180.956
74.6178 -42.9823 -149.022
26.1544 -73.1956 -108.127
-131.919 -99.9603 -23.0537
-154.332 -108.826 35.1878
-151.097 -127.175 63.509
44.0382 -43.44 -131.87
89.6939 -70.1819 -92.1964
114.121 -78.0663 -86.6298
17.5481 -66.6799 -160.009
58.3819 -101.86 -160.985
-97.4456 -74.63 -99.6429
-112.583 -90.2326 -78.6462
-98.2391 -127.404 -22.5532
-102.573 -143.396 42.9395
-96.7742 -152.139 86.3979
-90.4874 -174.555 120.151
-84.2006 -45.5992 -89.3887
-96.5911 -79.7189 -6.74459
-131.504 -3.44554 -177.953
-143.651 -19.6966 -154.698
-91.8912 -31.843 -210.425
-70.1621 -68.9917 -167.455
-48.1399 -97.9461 -142.405
-43.5499 -113.35 -106.906
-21.2104 -156.107 -82.3084
18.5858 -87.9971 -196.753
81.9422 -102.387 -183.63
134.922 -141.565 -172.399
38.4838 -146.394 35.3099
-66.1946 -73.2185 -90.2432
-66.1336 -108.795 -40.4981
-77.6086 -15.92 3.38755
15.5339 -128.289 63.2649
48.616 -144.586 101.413
31.1594 -98.9914 -136.876
33.6009 -120.705 -104.77
-176.425 23.203 -32.8452
-183.264 -17.6595 -82.0643
-192.602 -43.0586 -97.6897
-199.194 -66.0772 -133.03
-215.125 -76.3466 -171.484
-134.007 -15.3554 63.7532
-118.625 -5.99384 -36.4696
27.9244 -24.8466 75.7775
59.2975 -14.3635 112.339
141.453 -39.0378 154.027
-85.7265 -44.8057 3.6317
-28.4127 -73.5313 24.9947
22.6142 -96.8856 64.3025
-5.81683 -45.3932 -26.7159
131.077 -60.332 -3.6317
-62.0441 -58.5696 84.0175
95.1872 -40.1364 -175.573
140.66 -20.3909 -196.753
-70.7724 -35.5892 -54.5976
-154.21 -79.9783 53.3158
-160.375 -119.012 91.586
119.602 -105.515 -43.4889
30.7932 -106.468 14.1911
122.654 -97.1831 -111.423
0.0915555 -102.738 -90.1822
-119.48 -122.178 72.1152
-120.701 -96.0616 138.279
-166.601 -20.1773 -16.7547
-153.905 -69.8233 12.7262
106.113 -78.8415 125.706
60.7013 -70.5023 -136.143
122.776 -120.881 -152.989
-125.217 -70.1971 0.579852
-93.7834 -112.297 17.8533
-50.1419 -149.561 40.9253
12.5431 -132.279 159.886
-0.579852 -130.059 -76.5709
-60.0299 -100.25 -162.999
-101.718 -106.514 -211.28
-136.998 -96.9314 -228.065
95.8953 -19.4281 -150.816
-29.6945 -111.748 -150.487
77.2423 -91.438 -109.409
21.7597 -121.01 -164.281
69.8569 -136.209 -170.995
-72.7256 -81.9697 -135.105
-128.208 -66.5273 -130.894
-168.175 -54.5427 -118.516
-22.7973 -137.01 -56.6118
-83.0409 -99.4873 -84.994
-126.988 -120.545 -54.1093
-150.352 -133.903 8.70998
-9.7354 -107.476 -121.86
148.192 -126.774 -18.891
112.522 -86.6619 66.6219
150.182 -142.259 115.085
136.692 -108.971 11.8107
140.782 -48.88 -75.5333
159.52 -37.3516 -104.953
106.052 -129.96 -13.4587
87.8018 -138.963 -64.9129
10.2847 -152.376 134.129
-56.4898 -178.042 142.735
49.5315 -82.5877 -12.36
104.587 -129.395 18.891
51.1185 -154.451 -2.10578
21.5766 -159.067 -16.5105
139.683 -146.814 -51.3627
144.688 -151.857 -97.6287
9.55229 -158.495 59.3585
114.597 -139.154 84.3837
95.5535 -158.769 113.926
95.7976 -10.0681 -110.63
88.9004 -53.9918 -122.227
-3.26548 -70.838 -99.2767
136.631 -50.2838 -138.707
116.245 -46.2325 -57.0391
108.676 -126.954 -123.386
28.1686 -151.186 -71.1997
-6.80563 -66.5426 -186.56
-112.339 -10.6326 117.588
-137.669 -125.756 138.096
-104.465 -68.8696 170.263
-140.721 -73.0964 169.103
-137.852 -102.783 172.643
-4.36415 -22.7714 264.565
-82.9188 -60.332 141.575
116.855 -71.9138 181.738
0.701926 -102.928 165.258
45.5031 -115.418 142.979
-82.3084 -97.3357 171.972
-86.52 -82.9005 112.339
-32.3191 -72.1503 142.369
76.8761 -41.9065 57.6495
8.81985 -130.464 14.3132
-111.911 -91.171 -30.9763
-135.594 -135.4 37.5683
-127.232 -152.91 74.8619
-122.776 -190.204 112.339
-57.2832 -64.0095 -25.2998
82.0643 -25.4189 18.0975
-132.542 -72.8904 -60.9455
76.1437 -38.1146 185.827
99.826 -28.074 43.1837
64.5466 -14.9358 80.0501
-81.2708 -1.12613 140.843
-137.486 -40.6095 -111.667
-179.052 -64.4215 -161.962
-188.513 -83.755 -199.499
-183.264 -90.8506 -232.459
-185.583 -96.3134 -270.974
-161.596 -84.3272 -47.0901
-154.454 -97.5494 -14.8625
-134.739 -85.5708 -98.5443
-118.076 -116.036 -99.6429
-67.2323 -152.078 -73.397
45.6862 -111.916 -39.9487
-51.0575 -123.177 -7.23289
-71.3218 -184.107 92.8068
-66.805 -150.758 106.418
-160.497 -138.803 -28.7179
-179.052 -144.357 -96.6521
-186.254 -147.211 -130.1
-205.786 -149.934 -195.227
-220.679 -120.385 -250.526
-135.716 -170.237 45.2589
-113.132 -162.043 -12.8483
-75.5333 -169.642 -43.0616
-3.20444 -165.629 -46.1745
170.385 -127.747 -49.4705
107.273 -154.344 -36.8358
-70.2726 -10.497 65.2762
157.954 -24.5807 -47.2663
-140.639 -179.087 -165.354
-98.0773 -142.819 13.9506
-53.5686 -184.595 -131.353
-234.306 -183.744 249.536
-183.447 -124.223 231.178
-28.8901 -98.4279 -303.021
-58.6261 -85.9218 -259.499
-118.583 -1.48466 -195.048
34.7202 -138.818 119.75
133.5 -107.727 -101.882
