1 2
1 7
1 12
1 27
2 3
3 4
4 5
5 6
7 8
8 9
9 10
10 11
11 6
12 13
13 14
13 20
14 15
15 16
16 17
17 18
18 19
19 552
19 557
19 560
19 562
19 563
19 564
19 568
19 571
19 574
19 579
19 582
19 584
20 21
21 22
22 23
23 24
24 25
25 26
25 49
26 49
26 247
26 497
26 745
26 715
26 506
26 714
26 753
26 756
26 759
26 762
26 701
26 772
27 28
27 1
28 29
29 30
29 301
30 31
31 32
32 299
32 859
32 267
32 862
32 77
32 863
33 34
33 43
33 50
33 57
33 70
33 78
33 94
34 35
34 63
35 36
36 37
37 38
38 39
39 40
40 41
41 42
42 352
42 356
42 363
42 367
42 371
42 375
42 378
42 387
42 389
42 395
43 44
43 103
44 45
45 46
46 47
47 48
47 92
48 49
49 26
49 763
50 51
51 52
52 53
53 54
54 55
55 56
56 6
57 58
57 87
57 33
58 59
59 60
60 61
61 62
62 91
63 64
64 65
65 66
66 67
67 68
68 69
69 11
69 6
70 71
71 72
72 73
73 74
74 75
75 76
76 77
77 32
77 298
77 624
77 297
77 625
77 627
77 629
77 631
77 635
77 274
77 640
77 645
78 79
78 108
79 80
80 81
81 82
82 83
83 84
84 85
85 86
87 88
88 89
89 90
90 91
92 93
92 278
93 26
94 95
94 33
95 96
96 97
97 98
98 99
99 100
100 101
101 102
101 788
103 104
103 94
104 105
104 103
105 106
106 107
108 109
109 110
110 111
111 112
112 113
113 114
115 116
115 124
115 134
115 138
115 144
115 145
115 156
115 161
115 165
116 117
117 118
118 119
119 120
119 483
120 121
120 150
121 122
122 123
124 125
124 130
124 169
124 115
125 126
126 127
127 128
128 129
130 131
130 124
131 132
132 133
134 135
135 136
136 137
136 154
137 49
138 139
139 140
139 273
140 141
141 142
141 812
142 143
142 732
142 760
143 436
143 440
143 378
143 443
143 444
143 448
143 452
143 380
143 324
143 464
143 468
143 469
145 146
146 147
147 148
148 149
148 850
149 455
150 151
151 152
151 347
152 153
152 302
152 123
154 155
155 26
155 49
156 157
157 158
158 159
159 160
159 539
159 167
160 778
160 783
160 159
160 785
160 765
160 91
160 792
161 162
162 163
162 675
163 164
164 668
164 824
164 842
164 609
164 667
164 610
164 687
164 849
164 518
164 674
165 166
166 167
166 144
167 168
167 532
167 669
168 102
169 170
170 171
171 172
173 174
173 176
173 183
173 187
173 200
174 175
174 193
174 173
175 123
175 174
176 177
177 178
178 179
179 180
180 181
181 182
183 184
183 195
184 185
184 209
185 186
186 129
187 188
188 189
189 190
190 191
191 192
191 244
192 77
192 215
193 194
193 206
193 216
194 153
195 196
196 197
197 198
198 199
199 129
199 515
199 794
199 802
199 328
199 805
199 808
199 814
199 816
199 819
199 651
199 768
199 826
199 828
200 201
200 210
201 202
202 203
203 204
204 205
206 207
207 208
209 172
210 211
211 212
212 213
213 214
215 32
216 217
217 218
218 219
218 279
220 221
220 224
220 233
220 239
220 191
220 257
220 264
220 268
220 289
220 293
221 222
221 286
222 223
223 123
224 225
224 285
225 226
226 227
227 228
228 229
229 230
230 231
231 232
232 182
233 234
233 248
234 235
235 236
236 237
236 831
236 317
237 238
239 240
239 218
239 282
239 220
240 241
240 239
241 242
241 525
242 243
243 129
244 245
244 252
245 246
245 818
246 247
247 26
247 311
248 249
249 250
250 251
251 255
252 253
253 254
253 245
254 133
254 336
255 256
257 258
258 259
259 260
260 261
261 262
262 263
264 265
264 220
265 266
266 267
266 32
267 11
267 861
268 269
268 274
269 270
269 280
270 271
271 272
272 273
273 472
273 481
273 482
273 488
273 492
273 495
273 498
273 502
273 504
273 508
273 512
273 516
273 519
274 275
274 270
275 276
276 277
277 92
278 19
279 153
280 281
281 26
282 283
282 208
282 239
283 284
283 294
283 837
284 205
285 208
286 287
287 288
288 172
289 290
290 291
291 292
292 214
293 219
294 295
294 152
294 303
294 304
294 308
294 310
294 315
294 325
294 332
294 279
294 345
294 346
294 348
294 351
295 296
295 294
296 297
296 219
296 295
297 298
297 77
297 296
298 299
299 300
299 854
300 29
301 27
302 175
303 240
303 312
304 305
304 616
305 306
305 316
306 307
307 238
308 309
308 151
309 129
310 311
310 294
311 247
311 310
312 313
313 314
313 832
314 251
315 254
315 320
316 317
317 318
318 319
319 256
320 321
321 322
322 323
323 324
323 723
324 143
324 460
325 326
325 338
325 294
326 327
326 341
326 325
327 328
327 199
328 329
328 804
328 653
329 330
330 331
332 333
333 334
334 335
335 273
336 337
336 599
337 149
337 598
338 339
338 817
339 340
339 768
340 131
341 342
341 326
341 684
342 343
343 344
345 205
346 208
346 153
347 172
348 349
349 350
350 214
351 219
352 353
352 365
353 354
353 361
354 355
355 238
356 357
356 391
357 358
358 359
359 360
360 548
361 362
362 251
363 364
363 384
364 49
364 774
365 366
366 256
367 368
367 369
368 263
369 370
369 86
370 6
371 372
372 373
372 636
372 637
373 374
373 369
374 11
374 6
375 376
376 377
377 149
378 379
378 42
379 380
380 381
381 382
382 383
384 385
384 107
385 386
386 19
386 437
387 388
388 86
389 390
390 26
391 392
392 393
393 394
394 344
395 396
396 114
397 398
397 405
397 410
397 412
397 417
397 424
397 428
398 399
399 400
400 401
401 402
402 403
403 404
404 33
405 406
406 407
406 601
407 408
407 423
407 406
408 409
408 407
409 360
409 408
409 383
410 411
411 62
412 413
412 434
413 414
413 432
414 415
415 416
416 143
417 418
418 419
419 420
420 421
421 422
422 530
422 167
422 451
422 539
422 544
422 549
422 159
423 383
423 407
424 425
424 397
425 426
426 427
427 160
427 62
428 429
428 397
429 430
430 431
431 102
432 433
433 107
434 435
435 114
436 386
436 143
437 438
438 439
439 104
440 441
440 143
441 442
441 454
442 360
443 49
443 26
444 445
445 446
445 572
445 749
446 447
447 427
448 449
448 462
449 450
450 451
450 536
450 102
451 422
451 450
452 453
453 149
454 455
454 360
455 456
455 597
455 149
455 548
456 457
456 591
456 595
456 620
457 458
457 456
457 548
458 459
458 652
458 457
459 646
459 649
459 458
459 613
459 659
459 660
459 665
459 671
459 676
459 694
460 461
460 731
461 507
461 698
461 701
461 702
461 707
461 709
461 681
461 713
461 716
461 719
461 725
461 729
461 734
461 740
462 463
463 102
464 465
465 466
466 467
467 344
467 586
468 107
469 470
470 471
471 114
472 473
472 501
473 474
474 475
475 476
476 477
477 478
478 479
478 856
479 480
480 1
481 115
482 119
483 484
484 485
485 486
486 487
487 173
488 489
488 528
489 490
489 524
490 491
491 123
492 493
492 526
493 494
494 129
495 496
495 273
496 497
496 506
496 495
497 247
497 742
498 499
499 500
500 133
500 131
501 155
502 503
503 141
504 505
505 149
506 507
506 496
506 599
507 461
507 506
508 509
509 510
510 511
511 160
512 513
512 131
513 514
514 515
514 793
515 199
515 129
515 514
516 517
516 273
517 518
518 164
518 664
519 520
519 273
520 521
521 522
522 523
523 102
524 241
525 208
526 527
527 172
528 529
529 296
530 531
530 144
531 115
532 533
533 534
533 619
534 535
535 360
535 548
535 617
536 537
537 538
538 42
539 540
539 541
539 784
540 519
541 542
542 543
543 149
544 545
544 168
545 546
546 547
547 383
548 467
548 456
548 455
548 360
548 600
548 602
548 605
548 608
548 612
548 535
548 620
548 623
549 550
550 551
551 155
552 553
553 554
554 555
555 556
556 94
557 558
558 559
559 424
560 561
561 49
562 427
563 436
564 565
564 765
565 566
565 567
566 139
567 166
568 569
569 570
570 382
571 445
572 573
573 442
574 575
574 107
575 576
576 577
577 578
578 86
579 580
580 581
581 91
582 583
583 102
583 733
584 585
585 114
586 587
587 588
588 589
589 590
590 238
591 592
592 593
593 594
593 614
594 294
595 596
596 515
597 337
597 455
598 599
598 683
599 247
599 133
600 409
601 397
602 603
603 604
604 133
605 606
606 607
607 440
608 609
608 548
609 610
609 844
610 611
611 144
612 613
612 548
613 459
613 612
613 655
614 615
615 304
616 282
616 829
616 283
616 236
616 313
616 836
616 346
616 838
616 839
616 840
616 841
616 219
617 618
618 619
619 102
620 621
620 149
621 622
622 131
623 344
624 264
625 626
625 638
626 247
627 628
627 642
628 251
629 630
629 77
630 25
631 632
632 633
632 636
633 634
634 263
635 374
635 11
636 637
636 263
637 86
638 639
639 461
640 641
640 77
641 282
642 643
643 644
644 214
645 219
645 266
646 647
647 648
648 341
649 650
649 459
650 651
650 649
651 199
651 650
652 653
653 654
653 682
653 807
654 336
654 133
655 656
656 657
657 658
658 423
658 383
659 331
660 661
661 662
661 690
662 663
663 664
664 516
664 131
665 666
665 685
665 459
666 667
666 665
667 164
667 672
667 666
668 669
668 533
669 670
669 791
670 422
671 672
672 673
672 331
673 674
674 162
674 851
675 144
676 677
676 693
677 678
678 679
679 680
680 681
680 724
681 461
681 712
681 680
682 598
683 26
684 615
685 686
686 687
687 688
687 847
688 689
689 619
690 691
691 692
691 515
692 131
693 344
694 695
695 696
696 697
697 172
698 699
699 700
700 238
701 247
701 461
702 703
702 323
703 704
704 705
705 706
706 360
707 708
707 460
708 42
709 710
710 711
711 251
712 133
712 500
713 714
714 715
714 752
715 49
715 748
716 717
717 718
718 256
719 720
719 722
720 721
721 6
722 374
723 377
724 597
725 726
725 738
726 727
727 728
728 327
729 730
730 616
731 142
732 733
733 102
733 786
734 735
735 736
736 737
737 344
738 739
739 205
740 741
741 219
742 743
743 744
744 129
745 746
745 757
745 26
746 747
747 454
748 445
749 750
750 751
751 428
752 372
753 754
754 755
755 6
756 496
756 766
757 758
758 149
759 142
759 769
760 761
761 382
762 629
762 776
763 764
764 564
765 160
765 790
766 767
766 771
767 339
768 199
768 825
769 770
770 450
771 131
772 773
772 364
773 107
774 775
775 114
776 777
777 32
778 779
779 780
780 781
781 782
782 57
783 62
784 144
785 583
785 101
786 787
787 149
787 845
788 789
789 383
790 19
791 164
792 102
793 130
794 795
795 796
796 797
797 798
798 799
799 800
800 801
801 182
802 803
802 199
803 294
803 802
804 133
805 806
805 822
806 330
807 149
808 809
809 810
810 811
810 133
811 141
812 813
813 19
814 815
815 457
816 338
817 253
818 77
819 820
820 821
821 153
822 823
823 824
823 691
824 164
824 823
825 131
826 827
827 344
828 172
829 830
830 237
831 251
832 833
833 834
834 835
835 263
836 640
837 803
838 205
839 208
840 292
841 645
842 843
842 846
842 148
843 810
844 787
845 143
846 149
847 848
848 383
849 608
850 745
851 852
852 853
853 172
854 855
855 478
856 857
857 858
858 33
859 860
860 220
861 262
862 69
863 864
864 373
865 866
866 696
867 868
868 853
869 176
870 871
871 872
872 873
873 795
874 875
875 331
876 201
877 878
878 798
879 880
880 342
881 868
882 404
