1 2
1 6
2 3
3 4
4 5
5 600
5 496
5 295
5 610
5 497
5 618
5 186
5 624
5 630
6 7
6 1
7 8
7 6
8 9
8 7
9 10
9 8
10 9
11 12
11 17
12 13
13 14
14 15
15 16
17 18
18 19
19 20
20 462
20 468
20 471
20 474
20 477
20 480
20 486
20 488
20 494
20 504
20 507
20 88
21 22
21 26
21 30
21 34
21 42
21 46
21 50
21 67
21 72
21 82
21 89
21 94
21 101
22 23
23 24
24 25
26 27
27 28
27 860
28 29
29 254
29 256
29 257
29 263
29 269
29 270
29 279
29 291
29 297
29 301
29 304
29 312
29 324
30 31
31 32
32 33
32 831
33 849
34 35
35 36
35 56
36 37
36 64
37 38
37 872
38 39
38 106
39 40
39 106
40 41
40 10
42 43
43 44
44 45
46 47
47 48
47 61
48 49
49 491
50 51
50 21
51 52
52 53
52 79
53 54
54 55
54 200
56 57
56 516
56 36
57 58
58 59
58 317
59 60
59 58
60 295
61 62
62 63
64 65
65 66
65 220
65 38
67 68
68 69
69 70
70 71
71 16
72 73
73 74
74 75
75 76
76 77
77 78
77 522
79 80
80 81
81 391
81 200
81 397
81 398
81 399
81 402
81 405
81 407
81 409
81 415
81 177
81 423
81 426
81 439
81 441
81 449
81 452
81 456
82 83
83 84
84 85
85 86
86 87
86 573
87 88
87 514
88 20
88 87
88 518
89 90
89 107
90 91
91 92
92 93
92 109
94 95
95 96
96 97
97 98
98 99
99 100
99 250
100 10
101 102
101 21
102 103
102 605
103 104
103 102
104 105
105 106
107 108
108 109
110 111
110 114
110 120
110 126
110 132
110 139
110 167
111 112
111 129
112 113
114 115
115 116
116 117
117 118
118 119
120 121
121 122
122 123
122 146
122 156
123 124
124 125
125 352
125 354
125 359
125 363
125 365
125 157
125 374
125 377
125 380
126 127
127 128
128 55
129 130
130 131
130 150
132 133
133 134
134 135
135 136
135 163
135 166
136 137
137 138
138 279
138 718
139 140
139 158
140 141
141 142
142 143
143 144
143 706
144 145
144 173
144 339
146 147
147 148
147 353
148 149
149 366
149 372
149 406
149 529
149 365
149 535
149 536
149 537
149 538
149 539
149 378
149 543
149 551
150 151
150 177
151 152
151 199
151 198
152 153
153 154
153 184
154 155
155 558
155 561
155 564
155 565
155 237
155 498
155 185
155 579
155 588
155 594
155 598
156 157
158 159
158 166
159 160
160 161
161 162
161 446
162 340
163 164
163 161
164 165
165 716
165 717
165 719
165 384
165 680
167 168
168 169
169 170
170 171
171 172
172 248
172 805
172 815
172 816
172 819
172 714
172 635
172 32
172 837
172 840
172 854
172 27
172 517
173 174
174 540
174 876
174 882
174 651
174 890
174 895
174 145
174 898
174 570
174 699
174 639
174 663
174 906
175 176
175 178
175 182
175 191
175 198
175 201
175 210
175 223
175 229
175 235
175 243
176 150
176 209
177 113
177 131
178 179
178 205
179 180
180 181
180 587
182 183
182 233
183 184
183 189
183 249
183 251
184 185
184 10
185 186
185 41
185 262
185 438
185 66
186 187
186 622
187 188
189 190
190 41
191 192
192 193
193 194
194 195
195 196
195 432
196 197
197 49
197 317
198 151
198 175
199 200
200 55
200 394
200 177
201 202
201 218
202 203
203 204
203 66
203 598
204 60
204 262
204 493
205 206
206 207
207 208
209 131
210 211
211 212
212 213
212 459
213 214
214 215
215 216
216 217
217 16
218 219
219 65
219 203
220 221
220 483
221 222
222 78
223 224
223 227
224 225
224 392
224 153
225 226
225 429
227 228
228 149
228 389
229 230
230 231
231 232
232 157
233 234
234 10
235 236
235 175
236 237
237 238
237 568
237 596
238 239
239 240
240 241
241 242
243 244
244 245
245 246
246 247
247 248
248 172
248 796
248 851
249 99
249 10
250 106
251 252
252 253
252 323
253 585
254 255
255 25
256 33
256 315
257 258
257 316
257 320
258 259
258 284
259 260
259 276
259 444
259 577
260 261
261 204
261 607
261 60
262 41
262 493
263 264
263 278
264 265
265 266
266 267
267 268
268 45
269 49
269 284
270 271
270 280
270 296
270 325
270 705
271 272
272 273
273 274
274 275
276 277
277 60
278 63
279 138
279 300
279 29
280 281
281 282
282 283
284 285
284 49
284 734
285 286
285 288
285 284
286 287
286 478
287 78
288 289
288 490
289 290
289 288
289 78
290 20
291 292
292 293
292 638
293 294
295 5
295 606
295 615
295 487
295 617
295 520
296 93
297 298
297 29
298 299
298 313
298 314
299 298
299 639
299 629
299 644
299 646
299 651
299 657
299 663
299 314
299 334
299 678
299 679
299 681
299 174
299 682
300 162
301 302
301 304
301 683
301 704
302 303
302 301
303 447
303 684
303 685
303 442
303 144
303 691
303 302
303 695
303 698
303 699
303 426
303 427
303 702
303 143
304 305
304 693
305 306
305 656
306 307
307 308
308 309
309 310
310 311
310 743
311 724
311 731
311 735
311 739
311 310
311 745
311 748
311 757
311 760
311 550
311 770
311 778
312 313
313 314
313 637
314 670
314 674
315 172
316 197
317 318
317 633
318 319
319 106
320 321
321 322
321 420
322 323
322 321
322 575
323 253
323 204
323 322
324 325
325 109
326 327
326 333
326 336
326 338
326 339
326 341
326 345
326 351
327 328
328 329
329 330
330 331
331 332
332 119
333 334
333 145
334 335
334 677
334 299
335 297
336 337
337 138
338 149
339 340
339 552
339 326
340 162
340 552
341 342
342 343
343 344
344 166
345 346
346 347
347 348
348 349
349 350
350 242
351 174
352 147
352 370
352 125
352 157
353 113
353 55
354 355
355 356
356 357
357 358
358 119
359 360
360 361
361 362
361 208
362 181
363 364
364 326
365 149
365 387
365 125
366 367
367 368
367 460
367 533
368 369
368 373
369 185
369 461
370 371
371 131
372 373
372 417
373 226
373 390
373 597
373 181
374 375
374 385
375 376
376 162
377 378
378 379
379 303
380 381
381 382
382 383
383 384
384 165
384 552
385 386
386 166
387 388
388 228
389 153
390 253
390 530
391 224
392 393
393 10
394 395
394 113
395 396
396 110
397 151
398 113
399 400
399 410
399 428
399 436
400 401
400 225
401 181
402 403
403 404
404 33
404 714
404 685
405 406
405 81
406 352
406 353
407 408
407 418
407 431
407 81
408 196
408 852
409 55
409 446
410 411
411 412
412 413
413 414
414 60
414 495
415 416
416 372
416 149
417 208
417 181
417 539
418 419
418 859
419 420
420 421
420 29
421 422
421 49
422 63
423 424
424 425
425 138
426 427
426 303
426 81
427 145
427 701
428 429
429 430
430 66
430 438
431 195
432 433
432 608
433 434
433 822
434 435
435 78
435 286
436 437
437 226
437 460
438 295
438 60
438 583
439 440
440 162
441 442
442 443
442 687
443 259
444 445
445 309
445 667
446 166
446 113
447 448
448 314
449 450
449 55
450 451
451 248
452 453
453 454
454 455
454 145
455 174
456 457
457 458
458 212
458 870
459 106
460 461
460 323
461 253
461 534
461 226
462 463
463 464
463 601
464 465
465 466
466 467
467 1
468 469
469 470
469 511
470 188
471 472
471 492
471 496
471 20
472 473
473 41
474 475
475 476
476 45
477 435
477 78
478 479
478 887
479 49
480 481
481 482
482 220
483 484
484 485
484 826
484 607
484 844
484 873
485 449
485 407
486 487
486 582
487 60
487 414
487 520
487 616
488 489
488 499
489 289
489 78
490 491
491 63
491 501
491 49
491 744
492 493
492 507
493 66
493 492
493 571
494 16
495 226
496 497
496 486
496 603
496 636
497 498
497 496
497 41
497 40
498 155
498 41
498 497
499 500
499 77
500 501
501 502
501 522
502 503
503 93
504 505
505 506
506 311
507 508
507 525
508 509
509 510
510 10
511 512
512 513
513 242
514 515
515 56
516 517
516 56
517 172
517 516
518 519
519 106
520 521
520 625
521 253
522 523
522 643
523 524
524 92
525 526
526 527
527 528
528 11
529 417
529 553
530 531
531 532
531 590
532 188
533 461
534 60
534 575
535 361
536 454
537 400
537 389
538 405
539 540
539 570
540 541
540 174
540 597
540 899
541 542
541 621
543 544
543 417
544 545
544 373
545 546
546 547
547 548
548 549
549 550
550 311
550 762
550 774
551 339
552 786
552 326
552 787
552 790
552 333
552 340
552 795
553 554
554 555
555 556
556 557
557 242
558 559
559 560
560 235
561 562
561 369
562 563
563 181
564 252
564 534
564 253
565 566
565 595
566 567
567 188
568 569
568 180
569 417
570 326
570 338
571 572
572 86
573 574
574 45
575 576
575 414
576 577
577 578
577 700
578 49
579 580
580 581
581 208
582 494
583 584
584 489
585 586
586 542
586 653
587 149
588 589
589 531
590 591
591 592
592 593
593 311
594 10
595 240
596 368
597 540
597 181
598 599
598 155
599 39
599 41
600 463
601 602
602 528
603 604
604 103
605 101
606 261
606 611
606 59
607 432
607 261
608 609
609 33
610 188
611 612
612 613
613 614
614 49
615 60
615 619
615 5
616 288
617 66
618 471
619 620
619 690
619 615
620 621
620 619
621 542
621 620
622 623
622 253
623 226
624 498
625 626
626 627
627 628
628 629
629 314
629 640
629 664
630 631
631 632
632 242
633 634
633 433
634 635
634 633
634 828
635 172
635 634
635 845
636 106
637 292
638 25
639 326
639 681
640 641
641 642
642 491
643 45
644 645
645 421
646 647
646 658
647 648
647 655
648 649
649 650
650 274
651 652
651 542
651 889
652 586
652 542
653 654
654 60
654 619
655 656
656 63
657 138
657 297
658 659
659 660
660 661
661 662
662 283
663 145
663 314
664 665
665 666
666 445
667 668
668 669
669 16
670 671
671 672
672 673
673 294
674 675
675 676
676 296
676 281
677 162
678 303
679 680
679 314
680 165
680 723
681 552
681 901
682 683
683 270
683 676
684 544
684 543
684 715
685 686
685 404
685 695
686 33
687 688
687 322
688 689
689 654
690 188
691 692
691 443
692 258
692 708
693 694
694 650
695 696
695 145
696 697
696 850
697 305
698 138
698 162
698 707
699 145
699 303
700 289
701 652
702 703
703 226
703 907
704 270
705 293
706 352
707 165
708 709
709 710
710 711
711 712
712 713
713 311
714 172
714 33
714 404
714 862
715 460
716 163
716 722
717 138
718 33
718 863
719 720
719 162
720 721
721 55
722 135
723 314
724 725
725 726
725 765
726 727
727 728
728 729
729 730
730 25
731 732
732 733
733 285
734 33
735 736
736 737
737 738
738 188
739 740
740 741
741 742
742 45
743 744
743 752
743 310
744 491
744 743
745 746
745 754
746 747
747 275
748 749
749 750
750 751
751 60
751 824
752 753
752 782
753 63
754 755
755 756
756 283
757 758
758 759
759 16
760 761
761 78
762 763
763 764
764 542
765 766
766 767
767 768
767 93
768 769
769 294
769 283
770 771
771 772
772 773
773 5
774 775
775 776
776 777
776 892
777 299
777 314
778 779
779 780
780 781
781 242
782 783
783 784
784 785
785 109
786 657
787 788
788 789
789 125
790 791
790 792
790 793
791 138
792 303
793 794
794 166
795 679
796 797
796 825
797 798
798 799
799 800
800 801
801 802
802 803
803 804
804 6
805 806
806 807
807 808
808 809
809 810
810 811
811 812
812 813
813 814
814 11
815 50
816 817
816 829
816 836
816 864
816 866
817 818
818 394
819 820
820 821
821 25
822 823
823 751
824 188
825 484
826 827
827 599
828 49
829 830
830 55
831 832
831 835
832 833
833 834
834 273
835 278
836 54
837 838
838 839
839 138
840 841
841 842
842 843
843 769
844 65
844 219
845 846
846 847
847 848
848 435
849 696
850 542
851 408
851 418
851 868
852 853
853 226
854 855
854 874
855 856
856 857
857 858
858 294
859 416
860 861
861 92
862 718
862 871
863 334
864 865
865 162
866 867
867 166
868 869
869 458
870 249
871 297
872 106
873 323
874 875
875 109
876 877
876 902
877 878
878 879
879 880
880 881
881 188
882 883
883 884
884 885
885 886
886 478
887 888
888 45
889 645
889 305
890 891
891 776
892 893
893 894
894 275
895 896
896 897
897 208
898 542
898 541
899 900
899 908
900 226
901 165
902 903
903 904
904 905
905 557
906 703
907 65
908 390
909 394
910 370
911 912
912 913
913 914
914 915
915 716
916 231
917 229
918 229
919 754
920 43
921 233
922 923
923 924
924 781
